1.190373835998155245e-09
9.600722891563403373e-10
5.936663272109360543e-09
4.091256522097991176e-08
1.789408161341151767e-09
3.613545003578094908e-09
3.778560257458420306e-09
3.872113808432080385e-09
1.768038427737531843e-08
6.360957901445498613e-09
2.943731870305431462e-09
2.490646765183666107e-08
2.352664678122966907e-09
2.252532536987603444e-09
1.270574314791796135e-09
7.119060320127750395e-10
6.576284783246373458e-09
5.637575721822552321e-10
2.367342314690256729e-08
1.709263480458287406e-08
4.906965546016037909e-09
2.554489116019631857e-09
4.047506217167081278e-09
8.311925017528065869e-09
2.345672474683920092e-08
3.042827410221499290e-09
4.442967600637113608e-09
1.211434752667542340e-08
1.760148537463590524e-08
8.123458006356255354e-10
1.119492437039767853e-09
3.270131623607966718e-08
9.558639159681985832e-10
6.880439862872440998e-10
2.083850354171583605e-09
5.507319640419866551e-09
5.576232095508552514e-09
2.813902184406900423e-10
2.930271101181915771e-09
7.281580245508319600e-09
1.226184652296904198e-09
1.387990934244598822e-09
3.888393369765576156e-09
7.112330791762341991e-10
3.520348481835929230e-10
3.637225724900314462e-08
5.397237662243701547e-07
2.709135319055819086e-08
6.091549694525783669e-09
5.071292901329013993e-09
3.279866256327387619e-09
1.264591778531496893e-09
1.487108586712241007e-08
9.792405542509806272e-10
1.361301341819176566e-09
4.896942723303372418e-10
4.653947694146105705e-10
4.025898667133559023e-09
9.127955615262243955e-10
4.753969580564267525e-09
4.132240690000785681e-10
7.018429896064386416e-10
3.044827750346511156e-09
2.417532744398750776e-08
1.593964229728481861e-09
1.688745726776796226e-09
3.467116637603655946e-09
1.622518156572318028e-08
5.985509835682717584e-10
6.603871567985126198e-10
1.608736760567640919e-09
2.847344126394958920e-09
1.014519595012059924e-08
1.219742088876557178e-09
4.466860121993791622e-09
2.906727664642077741e-08
3.248055311273381733e-09
5.715639510817860367e-10
6.898130281903219388e-10
1.655878711569146356e-08
1.048748928494406704e-09
2.959489015349808001e-09
3.126882824737356850e-08
5.550472301946061580e-10
4.106611802217066866e-09
4.257834514940890419e-09
3.232861405910192213e-09
1.476066826423750583e-09
4.158346144137549035e-10
1.401189237823204779e-08
5.251551808195045916e-10
3.724015600831055594e-08
1.035164662798974515e-09
4.772312491759158352e-10
6.138061947438438364e-09
3.133068767057926926e-09
9.226538752012977979e-08
1.724356203513523382e-10
5.633820406634031540e-09
5.673663463280551508e-10
6.952171769921905070e-10
8.790837927196276375e-10
3.605793337038217989e-09
9.014736501355400735e-10
8.669548129143257456e-10
5.556699184996366238e-09
4.373144385371442609e-09
4.637758097782213214e-10
1.358802182842950586e-09
4.486772186786342358e-09
1.336688092977422174e-09
6.464798093024643420e-10
7.856596103564117296e-10
2.486952018020322580e-09
4.780736320213366194e-09
5.956135593456648886e-09
2.732256103749803929e-09
3.530458988065908538e-08
5.922047148964359283e-09
1.698795874547284562e-09
2.179454931755511968e-09
6.160826109459021764e-10
4.895504178284457921e-09
2.220031041425066672e-09
1.155175571426690153e-09
3.160079788668512809e-09
1.305035842392228118e-08
6.034772701070274383e-09
7.030674549355901013e-10
2.297637383846850434e-09
9.347497629557287788e-10
1.383783932143932914e-09
7.002008413986393112e-09
3.015308576275413205e-09
8.439972796989541949e-10
9.755548451325284588e-09
1.754394535238576689e-09
2.222670151921247052e-10
1.418434753394615041e-08
5.759436779182179188e-09
1.277722006628220195e-09
9.152316052974991957e-10
9.929867532120759275e-08
3.818864360948068373e-10
6.163369684466158239e-10
1.019838231909514226e-09
5.426672478470305359e-10
8.427175015766932160e-09
9.393518507281510026e-10
4.280153491188622544e-09
1.739829857578587757e-09
1.322421698388470801e-09
5.224579790380185920e-10
9.373719852085004815e-10
2.011963509002845218e-09
9.525753023478174454e-09
4.439804129977523337e-09
1.955332409600135403e-09
1.819102583982662240e-09
4.949192115117123563e-10
1.801427577151659216e-09
3.807963311557493217e-09
2.330375689535718414e-09
7.282305224284768750e-09
3.772455213017571400e-09
1.253141431986522463e-09
1.145742046352809975e-09
3.407525936937841465e-08
2.168914588409959186e-09
3.226425336397022437e-09
4.924055367689230743e-10
3.790181343324948021e-09
9.394230363406277738e-10
1.424480572659752195e-09
7.606695443634970921e-10
1.056259956960904161e-09
2.765349222790825753e-08
1.041567990846857681e-09
1.825546961345504259e-09
7.716329960095063934e-09
2.154839914507492640e-09
7.692361413273009312e-10
4.914137314833252674e-09
3.973165312424787152e-09
7.330228531938479459e-10
5.442519589246290162e-10
6.032854040687829747e-09
2.310121916931079383e-10
8.588840241299831947e-10
3.093006205096710031e-09
3.933299161944510371e-10
1.104703605646312766e-09
1.006285379458160036e-09
7.654778137429983643e-10
3.183801719582068978e-09
2.958658982596284819e-09
1.347598716110516590e-09
1.516816740516436550e-07
1.313528865031680730e-09
1.172871101881860133e-09
2.565891302595020387e-09
1.694156115119183111e-09
1.769604305401515348e-09
3.342476115849110394e-09
2.348750917021943728e-08
2.109102745728091212e-10
1.106183723044723442e-09
1.108838703723304410e-09
3.012049272568925622e-09
6.563822950984415130e-09
7.989314515859489401e-10
6.513437689759455099e-09
1.100249450119554307e-09
3.109912291141146002e-08
6.400744108263564748e-10
6.261918342091890625e-10
1.294172567819977656e-09
1.136872694863799806e-08
1.125511916729389282e-08
3.405198052436124231e-09
5.674746087644059311e-11
6.029035752199097281e-09
2.135903536718120313e-08
4.295242663235570575e-08
1.552673686657105843e-08
2.112757398515332448e-09
4.220648137259136095e-09
1.143064535678950693e-09
1.076080817735428054e-09
1.203527011249916018e-09
2.869690090927615260e-09
6.341508803410962164e-10
3.152250635071602597e-09
1.111982853429891588e-09
3.052414358509841357e-09
5.856816671989317984e-09
1.436397237510335075e-09
2.515705704618724732e-09
6.824882342306533573e-10
2.482313558481332399e-09
8.485454574222842211e-10
7.888753423724892746e-09
3.980526042726276296e-09
3.962867801317883702e-09
1.489301371287942463e-09
4.343755064787692504e-11
1.923808683914144327e-09
8.670737179116961157e-10
1.138424548263569520e-09
5.263437786730063069e-10
2.254894423863919562e-09
6.187145027314684358e-09
1.969893464012781587e-09
3.909778978242984546e-10
1.308194287712224487e-09
4.205282182219344993e-09
1.059954728832344634e-09
8.744918865967695686e-09
6.565932149654959550e-09
2.552307676251460504e-09
7.139078932023427616e-10
5.209286322630699516e-09
2.972021873632165059e-09
2.070001483212650037e-09
6.027961555865927092e-08
7.476722106980718692e-10
1.015762517100271288e-09
9.653724122739095052e-10
2.738100610535352857e-09
8.602321757611464809e-10
4.868153738067423917e-10
4.536468588477371295e-09
4.220342095546068506e-10
6.270300518956393773e-09
2.772180767642283949e-09
6.014402947222293943e-09
9.296369058824768848e-10
1.415321183365774248e-09
2.795052218421348698e-09
3.099493374846372869e-10
4.898883035719239249e-09
3.668317678351150289e-09
1.523501068298673292e-09
1.395421813712359337e-08
1.834467674835217616e-09
2.137752277465064645e-10
1.901764008386598415e-09
8.854788643039253812e-10
7.631963589163500625e-09
1.678791596510168757e-08
1.559095009872706235e-09
1.326594279798347538e-08
1.411538046843408127e-09
1.052548907207877644e-09
4.454446355498904737e-10
3.250544724025777779e-09
1.478598189859410826e-10
6.754732559970997113e-10
2.022383219769574440e-09
3.878308227266274983e-09
2.560848706422976705e-08
1.273221669884851153e-09
1.775038425018646945e-09
3.990167879577561085e-09
1.385215895290798564e-09
1.679443843306994767e-09
2.160388490964966069e-09
2.473016096438533138e-09
3.070293738218302866e-09
6.477229247592346221e-09
1.690059437300287664e-09
5.230282415355516396e-10
2.806913499645022738e-10
2.078966351562116920e-09
4.197261026247711332e-09
3.137056268860937360e-08
5.029171081688543603e-10
4.165332411679010288e-10
4.359889648635483087e-09
7.928424875729966118e-10
1.590196684737108939e-09
6.265062146610541969e-10
1.023132449602008580e-09
7.453057180149410074e-10
5.033421773073655299e-10
3.422953178215383630e-10
5.488390669665993768e-09
1.074338038350047265e-08
2.739090914192837842e-08
2.329289785221277536e-09
2.960816532858878646e-09
3.901044390793136254e-09
5.150608698827149151e-10
4.535776382638879789e-10
3.658950162560739950e-08
3.513935766089718765e-10
5.221815355389000661e-10
2.531305924305588455e-09
1.624963325901025679e-09
2.872413175575079732e-09
1.368440147183292775e-09
9.661190643463818327e-08
9.898527981856228695e-10
8.381163414912699823e-09
3.938898897854717603e-09
4.132586370627004306e-10
1.208733343780173432e-09
4.026682526590487552e-09
1.460673721645880462e-09
1.367375647123200604e-09
2.249813458229248482e-09
7.481969299833404736e-09
5.884433006045226004e-09
9.561463157310141203e-10
3.158551922269725169e-10
7.171774818524835362e-09
6.305957486489225444e-10
2.822172864807070285e-09
1.202346375547220685e-09
1.006805643025080663e-08
1.597721507864667624e-09
3.204944192930554551e-10
1.190034907565712125e-09
3.511837088789286556e-09
1.837698436076187134e-09
1.480395888906467301e-09
2.407035195499390227e-09
9.047809275418769472e-10
2.164346788900403838e-09
2.556317023191399371e-09
1.333706037713562273e-08
7.797301570484146448e-09
1.421658576915892874e-10
7.106865291237360447e-10
2.064774516166132558e-08
5.606780906259332591e-09
8.304367675645515227e-10
1.330176890385991945e-10
2.261823958689854491e-09
1.694973508677694004e-09
7.734239812097324656e-10
3.011889256220441423e-09
3.020179535098433318e-08
7.420538853798298337e-10
3.287176301134388952e-10
5.944825159319587887e-10
1.400826846734887835e-08
2.447835731611099162e-09
2.335607297484803420e-09
8.885524587468330516e-10
3.013788760980729787e-09
9.476590605278764368e-10
3.350027767210694503e-10
4.058110737222149192e-10
1.219806857702379601e-08
5.658368508442079301e-10
1.796275653514441011e-09
3.433534015238597714e-08
4.844448519174548794e-09
1.437997961045222949e-09
1.425025941292584208e-08
2.191404035335020127e-09
3.346785959298388273e-09
1.079289242950266656e-09
2.677548852987154507e-09
7.128516965378666671e-10
3.564635138537813271e-10
2.962235277997137826e-10
8.657728163608028363e-09
1.927286349340499594e-09
5.119453811904168893e-10
6.133878589547839961e-09
5.160759254158867500e-10
1.332789021216539825e-08
8.179567077882466366e-09
1.993667207029452541e-09
5.048430710979741428e-09
4.618589138947827674e-09
8.134045387010648663e-09
3.142830764766683770e-10
6.744441831758518165e-10
3.730552678419417963e-10
9.222500887566992347e-10
8.575060164903790799e-10
1.094746751806349094e-08
1.035438375358849347e-09
8.792247849374847342e-09
4.787878223901223181e-10
3.376777977500899696e-09
1.142129100289540084e-09
5.057987718932097837e-10
4.747368855492355564e-10
7.093792737098464620e-10
1.854098847032191905e-10
1.098951381385098385e-09
1.739098631810275485e-09
5.564211329520069074e-10
5.731583655852566184e-10
5.829073995490923758e-10
1.214054619850358338e-09
1.105632192956060274e-09
1.340174344352668465e-09
7.747509092920278577e-10
7.962743653294202992e-07
4.754642304476530395e-10
3.591415157062564950e-09
4.992097664103699966e-10
3.664792880935304415e-09
4.697545824084432336e-09
1.525995161379687270e-09
1.366838220031983030e-10
2.242262487468848209e-09
8.259969724287947915e-09
5.098177472563436572e-08
1.846056773245201200e-09
2.516166082304065190e-10
1.478758243722226509e-09
1.096516912916781261e-09
1.109363884742072492e-09
9.794438758425929266e-10
2.345905320911947864e-10
7.172113527860887535e-09
3.599649492778207761e-09
6.828691244504811412e-10
3.304689750670686326e-09
1.061148940649188337e-09
9.035044449592555469e-10
2.159773673824447114e-09
4.773961419534216502e-10
1.342254864182637041e-09
2.460134064589966029e-10
1.793741677089813675e-09
8.622483369531304685e-09
2.044763776445473142e-09
4.648435175805953338e-10
3.278856090737157866e-09
8.334952207847491140e-10
5.832880642184478471e-08
8.480239226378023789e-11
1.196198220440539020e-09
4.329204619909299238e-10
2.856225538111341991e-10
4.438578337395583417e-10
1.356688958455492615e-09
1.211832704703635472e-08
1.937367581019241481e-09
2.133351277904900602e-09
5.118523042827235421e-11
1.679400511060763398e-09
7.819882211293499349e-10
2.596260363951959020e-09
1.709701776343955235e-09
2.103158152809757006e-10
6.037724912778210645e-10
3.470173194563667279e-10
1.096234729788639871e-09
2.168337703917742389e-07
5.197668018001587239e-09
2.351257517969619240e-10
1.078167565699491905e-08
2.560978481923489641e-09
4.113453666298689885e-09
2.038536183364833643e-09
4.511583929083358334e-09
1.716459045061132029e-09
5.015123550641143599e-10
2.633652250322579711e-08
8.398573135331771275e-10
1.724167823277981328e-10
6.142237142112270376e-09
1.591287999776989766e-08
8.189333081007393860e-09
6.430603823793438668e-10
5.443856764887323338e-09
2.627227695759361319e-09
4.740726610782208892e-09
1.837749980704642388e-09
1.041355851564812855e-09
6.776041543716004198e-10
1.236311789465896877e-09
3.925328926330061548e-09
1.887965695926926185e-09
5.336683059650695280e-10
8.641867993121764742e-09
2.238163799452267907e-09
4.063381572371029006e-10
1.320620001840918304e-09
2.255923070329858564e-09
5.375826790032658983e-11
3.990316173552816861e-09
1.002925157023371869e-09
3.250818291762463579e-09
3.716118670619191688e-09
1.583525449878793388e-10
6.059603169108746907e-10
3.170398743626698022e-09
3.198439919771164232e-09
3.992362471047183044e-09
2.802875911347306738e-09
4.703967756828004291e-10
1.173552717211754340e-09
6.638374793037987825e-10
8.874570693080101997e-09
8.060535547847140850e-10
2.425930622642765531e-09
7.300935274487084495e-10
1.458906467573641110e-09
1.426761638728921813e-09
2.335959846160013998e-09
1.232554352981703202e-09
1.392868614357681539e-09
3.349056322804958040e-10
2.199628717975783853e-09
9.989890198363990381e-10
1.714068851916088059e-08
1.644927978171261784e-09
4.334912180784776612e-10
4.917636501754628450e-09
3.336365931077559078e-09
8.506896388424186715e-10
1.288479122950458625e-09
5.028244375451759054e-09
9.356928132810561625e-10
6.606066147660944295e-09
4.745035830469318725e-10
6.273475044202936335e-08
3.171714660871201693e-10
7.908688111323763988e-10
2.370220469967718796e-09
5.803706868812866290e-10
1.628770622955407371e-09
1.404716267106257741e-09
9.036544343855247298e-10
3.212529305140829542e-10
6.118247300489485584e-10
1.420364861610332555e-10
9.074896650087944736e-10
8.456592209803421949e-10
6.420836360375310710e-10
2.649804069761663442e-09
3.903126811730619833e-09
1.052020503893151823e-09
4.936142407228471655e-10
1.060858020105576644e-08
9.601462603986151580e-09
1.914282768875805987e-09
4.825458292594500831e-09
8.705218264478348760e-10
6.337162293964396809e-09
1.738081762053600942e-08
6.530441504191039101e-10
9.457546941369591370e-10
6.905839158746845142e-09
6.297934401287908780e-09
9.771795211190494951e-10
1.409454930245492904e-09
2.842928669432576572e-08
6.261175975398724880e-10
2.044354564730145813e-09
3.851781913599707052e-10
4.586484645507181427e-11
1.137361157872257462e-09
1.253100465782769129e-09
9.272270679096388730e-09
5.134349665974600963e-09
7.304255915785974635e-08
9.478551244509714513e-10
5.302799512053378283e-09
9.645140854451583217e-10
1.764730501830903198e-09
2.321565693989798057e-09
1.335677413542691401e-08
1.357739264757926463e-09
2.621924660943154701e-09
1.026665675861469936e-09
1.649309025619783545e-09
2.628668912929558766e-10
5.576521001486606102e-09
1.172811214821332731e-08
1.881145333260740125e-09
3.305073436851056236e-09
5.775756914424516311e-10
3.426308227840563228e-09
3.330413913353635592e-09
1.729208201715774746e-09
3.529127702051489276e-09
5.276625559546359550e-09
3.249305580864072018e-09
2.034304641530647148e-09
1.057730021731067377e-10
1.096930244153867450e-09
9.117237685303604824e-10
1.161600196387342919e-09
2.782227759977455675e-10
7.355356308049585069e-10
1.435187223951831912e-09
1.774918044009579621e-09
1.293488183719855623e-09
1.881164373806759183e-09
1.889305935287653454e-09
1.903160676964123573e-08
1.241797066116050661e-08
5.002559667729472060e-09
4.391898702095961936e-10
5.892765248593986153e-10
1.091583034453196851e-08
3.360871410226783943e-10
2.280469062164688520e-08
1.257476955632520887e-09
1.613689292787009524e-08
2.637823545736280773e-09
7.226212210193792836e-09
1.461101534622127522e-09
1.165258192205671074e-09
1.429755972250196864e-09
1.026918917578904337e-09
1.800068173563840135e-09
2.008412523087148219e-08
8.247295541833271531e-10
4.895556923114184385e-10
8.582469386537984242e-10
3.340678617084007334e-09
7.771096879908861172e-10
4.072677310589928621e-10
9.619567049498240093e-10
3.080931352071876240e-10
1.565685350241224855e-09
1.337157557412984466e-10
1.759139796748848209e-09
2.809226734937751206e-09
3.379612331622955984e-10
2.499365083419740663e-09
3.804683382256625948e-09
7.769429761065823964e-10
1.167429858239131999e-09
6.288661179828091147e-09
2.771832988478614897e-09
6.932106003051939871e-10
5.358084872101860716e-10
2.325419221074784989e-09
2.640396225011274201e-09
8.540974343026478938e-10
5.721917843485222238e-10
1.623353009498331452e-09
1.017038656520639560e-09
3.145939094421372144e-08
3.220730618513794433e-09
1.012541328043814042e-08
6.907246213191295040e-10
2.275664249966864063e-09
6.746623010796210745e-10
1.311563945745537745e-10
2.035189343966961180e-09
1.190813579322202798e-09
4.726194639692648411e-09
1.309558394754601320e-09
6.807438194669883943e-09
1.920805476428191758e-09
6.515150763231315571e-10
2.778713835082159751e-09
6.997888726931378969e-10
5.465187098899780023e-09
7.579454990883540716e-07
1.553230727742684303e-10
4.398146903004431241e-09
1.620110598221497046e-09
7.811727185165264939e-09
6.043231855182718322e-10
8.790431923464061058e-10
9.902131583993544882e-10
1.847068387346699253e-09
1.231854973071465185e-09
5.260410780921951104e-10
1.279927133106243091e-09
5.778301424434236824e-09
4.507436588594867887e-10
9.490690593045421734e-10
1.116094522896720427e-09
3.861319376778940692e-10
8.214828317301729827e-10
8.759772671623309008e-10
6.190742807252519567e-10
4.981987252034262565e-09
3.719312693242020199e-10
1.008871791826360368e-09
3.940415195539844356e-10
1.971839977305628313e-09
3.356907231014762850e-10
5.914783928764065039e-10
1.823567085664879796e-09
2.422848898806546525e-08
1.966005240344286022e-09
7.819391847777018684e-09
2.659661022841034004e-10
1.441582902992870309e-08
3.260764872434993489e-10
1.311916893738989085e-09
2.068869851199335855e-09
1.616286413685623721e-09
4.507628034577905976e-10
3.909670093809950155e-10
1.684589234306986299e-09
6.315688007193038031e-10
