2.080672909837472329e+00
1.784878373529818374e+00
5.118873342123094972e+00
4.727825163968593536e+00
3.349047901882607370e+00
2.813152562942726753e+00
2.037760693233542142e+00
1.029542364094218510e+00
2.856765653692599383e+00
3.674223291771214761e+00
5.503452469402930980e+00
2.618968362928533189e+00
4.289978218767111606e+00
3.002342550609886640e+00
2.773332656087375891e+00
1.628042845366214131e+00
3.449556133374509947e+00
2.371692349605314831e+00
3.288163097671283008e+00
1.454146908196675358e+00
1.910963250246962009e+00
6.019073011281435015e+00
1.603432150459118688e+00
2.003480041323765448e+00
3.134270913614857879e+00
4.039998467167840168e+00
1.026147809510805198e+00
2.622766999475405036e+00
4.766054977365207890e+00
2.906817155682797527e+00
4.642150002832098110e+00
4.473725118459410233e+00
8.004802784119485759e-01
1.745051820567642409e+00
2.157034238206826160e+00
2.370513101117285526e+00
6.634101065268714903e-01
1.780756282357683462e+00
2.566119171174396474e+00
4.166092069726629710e+00
4.534408729048319486e+00
4.843506233657267401e+00
7.767174459140849807e-01
3.373408894913919376e+00
6.501633190747170277e-01
2.963023981092211212e+00
4.007645898937790996e+00
4.850117085664678918e+00
2.577777063862773499e+00
2.272271568018380705e+00
8.811125500038129443e-01
1.019386707105991885e+00
1.985571697515929879e+00
1.233689607376528219e+00
5.896900689132555939e-01
7.156627905607901852e-01
1.448253392927283612e+00
4.478171545745317950e+00
2.510841302071172176e+00
2.551553923932595946e+00
9.614715435908313124e-01
1.859275145192486267e+00
1.617541829196038838e+00
1.948463711761313277e+00
3.557574583425483272e+00
3.569182951852362784e+00
2.661223220837646952e+00
9.734465692677427562e-01
2.565324500799925911e+00
2.244743168766303310e+00
1.512413762642370596e+00
2.535965339828019527e+00
1.901959509708338603e+00
1.918757930246331567e+00
4.242138118780487410e+00
3.773833927517856068e+00
2.601856379847691692e+00
1.717435735258892260e+00
2.489740092822407380e+00
3.184999891331369071e+00
3.868885014929064337e+00
2.826267970680842900e+00
2.943726853314556635e+00
2.473500352044761375e+00
1.970886316469238730e+00
2.110940359615238737e+00
7.967390730503306706e+00
2.619457035487231966e+00
2.377520626572156459e+00
1.483693483065071428e+00
2.088778513964116179e+00
4.087014625785354127e+00
1.752472251093971423e+00
1.776736218148022628e+00
3.202223270065517546e+00
3.758419354173949234e+00
5.052772697874457819e+00
1.406618297226141512e-01
1.350640208990829372e+00
9.538343345695869946e-01
3.876415640872687529e+00
1.828396568775054076e+00
1.548383030314649078e+00
1.866402466609988098e+00
3.185147504932545282e+00
2.550220292992523952e+00
1.740035738050425884e+00
9.658413288360656601e-01
1.031720875978709762e+00
2.268058472352242561e+00
4.150741334067763688e+00
1.985340426540690428e+00
2.199984635830557256e+00
1.473183422399545917e+00
3.298004758437453443e+00
3.950190690733298648e+00
2.024434790770943682e+00
3.069948580261343984e+00
1.107965017392348761e+00
3.894270988274223910e+00
7.187425059499362723e-01
1.193816918673849869e+00
3.835582909040306632e+00
1.564847559723989923e+00
2.161136865152231135e+00
2.128499287849066945e+00
4.414885818689112007e+00
1.523573475746587302e+00
1.973153723928297465e+00
1.117871867174314415e+00
1.480691987632310580e+00
1.123924443245251537e+00
1.210824899840839963e+00
9.887824897675496771e-01
1.320632434175602832e+00
4.011168690748784904e+00
2.966110838572277419e+00
1.477997340736771692e+00
7.887648464831104045e-01
2.924956228559198568e+00
7.651544928701462522e-01
9.060365477384791921e-01
1.182829350689574399e+00
9.889180074345477189e-01
3.621762973955490184e-01
2.133466267880498091e+00
1.697134983104370720e+00
2.735478332831151160e+00
1.335007827234402589e+00
3.665524492670079404e+00
2.844741382879492964e+00
1.859723522152903818e+00
1.559280347555086932e+00
3.399348492590327897e+00
6.722152145682710467e-01
2.435068952249937801e+00
1.780345582257908843e+00
1.420533892221296224e+00
1.527192103257313249e+00
2.167677991857738462e+00
2.786798967767603941e+00
2.861468735491190518e+00
1.325056288995374976e+00
2.198339652786003739e+00
2.978565926930630159e+00
1.924041474289269971e+00
4.184747064540213501e-01
1.695252903416651691e+00
2.304774522858621388e+00
2.558257924403456229e+00
2.980335571380138937e+00
3.043100063185117943e+00
1.889744721250970372e+00
1.662469142720043980e+00
5.575068905729544610e+00
2.419516828137005859e+00
3.507517864292432286e+00
1.891996159082104834e+00
7.515224399416774448e-01
2.769680306204498788e+00
1.182658933370685173e+00
1.931051309548806216e+00
3.708063216551455987e+00
3.772226414693765073e-01
7.142506184882485565e-01
5.302820920822617357e-01
1.449797164138397543e+00
6.923390154048202350e-01
3.627149739459005762e-01
1.718113708214500157e+00
3.878583697191277047e+00
2.531649733345473052e+00
1.998846863720800338e+00
2.158198949148561141e+00
1.797932930608860280e+00
1.049551438638155254e+00
3.996461728630355648e+00
1.266081800235308252e+00
3.473044468856211875e+00
1.198628030245926457e+00
2.064494521899987056e+00
3.297568589118073046e+00
3.763544118851426035e+00
1.090349535114591095e+00
3.459993336181950596e+00
2.862539376136218894e-01
2.337912842238889510e+00
1.028226564422012990e+00
5.386459632606981351e+00
1.440704233137632517e+00
1.931383637560007749e+00
1.750237116469600007e+00
2.200220218026879060e+00
2.169693440503916548e+00
8.226754303831467219e-01
7.976558810070800698e-01
1.142674572331654925e+00
2.994980874753453204e+00
1.059575943100889095e+00
2.680455446173457101e+00
6.564683264847236133e-02
4.894599797900474059e+00
2.820902468787626294e+00
2.785734073230909047e+00
1.981033287349055927e+00
2.688332650168485216e+00
3.356666064364075996e+00
5.270276552487573873e+00
1.905017166833588904e+00
2.782632575989530732e+00
1.412204801416863775e+00
3.267978537031557718e+00
2.234757100349423986e+00
1.667624099170451402e+00
2.112837556028802410e+00
2.985623995301796896e+00
2.930208941075899354e+00
1.684136297440681052e+00
1.711859340453649514e+00
1.848480712801443548e+00
1.521506554245975362e+00
8.895897445193159392e-01
3.548627285754179628e+00
3.694572053369424403e+00
1.459214341057956776e+00
1.759992430728695711e-01
1.129445602965625683e+00
3.081286211827442223e+00
4.076085852982261670e+00
2.693901984860797016e-01
2.334215531715057246e+00
2.642609525896665534e+00
2.738537818305147642e+00
2.882798217986006772e+00
2.161153808645867702e+00
7.817462301980313555e-01
3.247443332025780616e-01
1.731604582911880019e+00
9.616833716730874837e-01
1.590166723165602702e+00
2.988207122990338860e+00
4.849732441745461919e+00
4.480106287713483404e+00
1.791845093947459722e+00
3.145668815074262437e+00
1.504979637248852642e+00
3.166320327225180087e+00
2.904518939078005069e+00
3.071343978408462849e+00
2.780124786810096893e+00
1.218575801002375947e+00
3.245201872842792046e+00
1.517239208792708904e+00
4.237687530241813216e-01
6.385103250716602119e+00
1.845978982363590815e+00
2.088096470581091157e+00
1.518788444690534423e+00
3.779362488815605658e+00
2.281757094896497584e+00
2.262673406072134075e+00
2.623446165702535193e+00
2.016903784131562016e+00
2.389357487078024977e+00
1.863622649424584887e+00
9.215247437357425575e-01
1.035360033307562322e+00
2.690009705653038097e+00
3.960858415140104505e+00
1.355995838788645047e+00
3.151942176857435829e+00
1.700071473544243261e+00
7.712868331132151090e-01
4.889201119998987655e-01
2.358050652345039744e+00
8.267000012246974450e-01
8.081205237626807314e-01
3.999961963700155998e-01
3.459355402480794428e+00
2.182198838370411398e+00
1.704233797093247516e+00
1.860820696211579639e+00
2.481207941751881307e+00
1.415088205249237507e+00
3.004491204109531743e+00
2.325546561808994550e+00
5.081600986418457033e+00
2.132731649926808082e+00
1.449167020159041419e+00
2.231418487797913297e+00
4.093342938139798548e+00
1.135884356190272726e+00
3.609182554183502090e-01
3.760782995726897227e+00
1.745984363203773704e+00
1.104041615082250738e+00
2.174038015526343681e+00
2.693138721489327092e-01
1.410933193320072165e+00
2.320154997409264563e+00
9.670222759910666044e-01
1.021286151839764234e+00
2.546718005012536867e+00
1.526673618598349824e+00
1.358077934865566938e+00
2.164886191002018123e-01
1.544756984692667201e+00
1.107588533938492548e+00
3.313993486928958010e+00
1.885221844681488790e+00
4.465006427051011251e+00
5.520401233863839741e-01
3.407038754199608110e+00
1.793071999091119695e+00
2.725729289139125378e+00
2.240182510075277467e+00
2.104733678893616844e+00
4.989638843495297849e+00
6.937361174183603874e-01
6.530791809458396102e-01
7.491371892236483587e-01
2.502692701564075417e+00
2.391228792266761438e+00
1.329363156074852226e+00
1.192250039688339536e+00
7.766327792481827474e-01
1.562010095499616114e+00
7.935516114901529861e+00
2.063784560699292836e+00
3.365632187029219846e+00
3.864550967505685719e+00
2.504131270845582069e+00
2.384017890235056836e+00
1.788030906930822450e+00
5.469827513177889511e-01
1.910224148121320686e+00
1.406096558868887181e+00
2.439904951805552891e+00
1.318522981575392494e+00
1.847185506625117490e+00
1.637429158176905819e+00
1.316874821994238332e+00
1.152320637796829583e+00
2.187478751182333259e+00
2.005623291701445154e+00
3.159971969811099068e+00
1.650455041319218275e+00
1.023572396395283857e+00
1.548385683352424325e+00
2.139599570147055374e+00
1.690937972831302094e+00
2.779044575580154941e+00
1.534305728561072391e+00
3.120788380848129595e+00
3.356601960251020422e+00
1.112422716482346363e+00
1.346286300457420149e+00
6.229952886758600705e-01
2.212552034943358947e+00
2.313034129448240162e+00
1.765123706944863979e+00
1.228047267656976471e+00
1.310595995791608903e+00
1.314600361589855826e+00
8.961353369899593968e-01
1.837538801062233329e+00
2.891836857180201559e+00
1.360589901665276269e+00
1.992506473649509946e+00
3.554937166064512599e+00
2.530269310704087893e+00
9.757046630785423114e-01
1.100916316560538899e+00
2.401961172075504525e+00
2.931870435248206785e+00
3.643308946874177057e+00
3.510488801634939815e+00
1.158062057987130800e+00
1.269047971207053260e+00
2.183128121767160312e+00
1.869666900124868247e+00
7.984256722979146126e-01
1.564814685545441231e+00
2.881612008276312142e+00
1.459341628491743759e+00
3.788136441991246883e+00
6.934895929002606874e-01
1.492633736410393430e+00
2.648093376701876611e+00
4.835273214467159519e+00
2.419778711986436015e+00
1.036488923793145611e+00
7.501329231382212193e-01
2.927333431365266581e+00
7.712982708927469844e+00
8.613353694426020724e+00
2.148081806124156667e+00
1.194721762515204455e+00
2.497916782970495131e-01
6.513061526804501122e-01
1.014111447479950634e+00
2.008677507285019814e+00
7.473450978545896906e-01
8.342616296012463906e-01
2.336425543031859231e+00
1.189360487778204911e+00
1.420871920445251346e+00
8.891111318512131545e-01
5.655942623469851327e+00
5.331387337166983542e+00
9.216197524154924325e-01
4.633748429387920531e-01
1.906288079873680985e+00
7.699233756697897446e-01
3.011730900286103019e+00
3.624874505986087403e+00
1.090142481805814079e+00
7.110386683911390504e-01
1.485163421217218893e+00
6.963462817831596041e-01
1.785332655753714359e+00
2.310300562229142152e+00
8.360557801703780711e-01
3.097389077499521193e+00
1.181790350179388494e+00
2.957930002148265292e+00
9.417115179230323818e+00
1.387056900371960610e+00
7.184849645154492981e-01
2.125025766766565294e+00
3.525461207390800933e-01
1.531033202080213540e+00
1.042127693488609008e+00
1.715985323491312942e+00
6.784683361311973915e-01
1.249212189242954463e-01
1.957554042488268697e+00
1.527383255870374379e+00
9.873207370184367004e-01
1.366461549588973146e+00
2.050647297387648560e-01
1.399702046961055935e+00
1.247772808839028080e+00
2.093118299014939954e+00
2.583514249748831926e+00
2.598659163460421695e+00
1.196796616645178224e+00
3.327368044444369399e+00
4.404821796572271353e+00
2.132237947858803828e+00
1.638292775306061655e+00
1.776761448115143249e+00
3.513102581964268278e+00
1.360696525828186010e+00
3.432803322213964781e-01
2.929162414189033115e+00
2.202383636912674802e+00
1.398556984319349938e+00
3.633711900092971292e-01
1.575780362448085281e+00
6.555189873732395478e-01
8.425358525258810349e-01
7.881742609377067055e-01
2.206817721132866783e+00
2.694660001172263897e+00
2.620083460293442190e+00
2.030130304232057536e+00
3.082499805903811119e-01
9.338874484389585451e-01
1.060003807646004104e+00
2.933909657973561291e+00
5.890704283320374879e-01
6.531473424025852070e-01
1.348875027706843310e+00
1.271601914763937247e+00
1.241009537670813678e+00
1.256073279095449191e+00
7.446543882322953500e-01
8.403846961556133977e-01
2.743942896603623005e+00
1.409438488044757021e+00
6.189804627622468303e-01
5.966758134366240141e-01
2.185898162977616188e+00
3.185571289354151681e+00
9.285926112284065281e-01
2.052408944167972038e+00
2.691349846405232338e+00
1.279686642592095636e+00
1.488281787058405081e+00
1.349892739668462571e+00
2.716759019698658406e+00
2.040857512223795744e+00
1.015406775156311392e+00
2.455697974724090571e+00
2.725009047696500541e+00
1.875465920948957255e+00
9.684401141651750589e-01
2.498045909193995495e+00
1.294905236702087903e+00
2.333070682069225743e+00
1.383133702483946070e+00
1.658947775737001473e+00
1.425989359767403597e+00
3.263403724979442533e+00
2.219938409517490940e-01
1.808048607701217669e+00
3.226748607719992279e+00
2.473421408828092027e-01
1.762628123420497239e+00
2.623403075106209403e+00
1.545860029182992257e+00
3.597784612842061414e+00
6.486803736101888207e-01
5.546309033673902933e-01
1.804610000044488460e+00
1.418553869686141500e+00
1.280875342094266900e+00
3.458536362149075671e+00
3.567779334730197593e+00
3.647529552358053540e+00
1.983052236306291904e+00
3.568538627333564417e+00
2.113999218893983123e+00
1.146030591109396424e+00
1.624659960688232818e+00
2.798662040424808595e+00
9.322823808774153287e-01
3.377029724208319372e+00
9.796465075473397288e-01
5.190022160984145705e-01
1.496918217909969928e-01
3.672463825470308141e+00
1.788316551953273548e+00
9.534158672742818474e-01
1.170677274542095470e+00
9.141328638599268697e-01
1.948671422803193165e+00
1.771340341759916726e+00
8.077863911710476685e-01
1.444619440594082871e+00
9.703840476352880717e-01
1.054159355775292850e+00
3.199329336680366342e+00
6.853217124702911667e-01
1.208427361807610012e+00
5.925637052292554996e-01
4.193476439885639451e+00
7.951566337899905745e-01
1.990524774347490533e+00
4.250375586572170405e-01
3.725104010775791785e+00
8.805772323074291252e-01
8.115733003047529426e-01
6.181559123000481826e-01
2.904818389340480533e-01
1.376030009754988903e+00
1.138131390381942110e+00
1.663619157417380423e+00
1.537413509198017891e+00
1.739947982150426453e+00
9.302041240897471752e-01
1.408215937082139657e+00
1.270368125134904380e+00
1.210509025548894169e+00
1.174437055471675873e+00
1.013590882113107883e+00
1.696388688548152723e+00
1.411832120716361105e+00
1.306613991960633436e+00
1.586122794012247095e+00
1.360295658738239100e+00
1.310058798092659682e+00
1.185261545811653328e+00
2.021431711660413022e+00
1.149666579199900784e+00
3.629696963249943398e+00
9.406254360295772665e-01
8.715029509131592134e-01
6.304916582978624673e-01
1.861958794580307885e-01
1.969008039126949994e+00
1.395708632507027147e+00
2.468794463689103491e+00
1.786890752068001076e+00
6.316926790281354176e-01
2.915392093039494092e+00
1.432554229630852216e+00
1.725390308312446219e+00
1.352891306112976810e+00
2.332242865581113378e+00
9.278609041887416753e-01
1.613558746225439267e+00
1.245945448967952007e+00
1.123123024910228640e+00
1.751015522442007200e+00
1.642628251938012207e+00
9.559207597733767603e-01
3.063403090027271070e+00
2.267571914448057502e+00
3.773217480024473769e+00
1.068718407094238376e+00
6.637711679136322207e-01
8.458013718306777173e-01
2.355187216872104639e+00
2.359793016395474119e+00
8.894851744231337953e-01
2.768703791358134936e+00
6.545929661591098903e-01
1.156542048800511674e-01
1.735352234505200819e+00
1.558806022922994750e+00
9.304533916086797918e-01
1.292297762771380809e-01
1.254544051043228858e+00
4.825997593949674092e-01
1.183008360370470191e+00
3.442037769025472205e+00
4.799962541768345026e-01
1.523453761938564632e+00
1.480430107706671494e+00
1.511775514294074751e+00
3.228088998983760671e+00
4.860847234331597266e-01
1.699149695772209201e+00
2.464126998772871779e+00
1.199347278258213967e+00
2.442857547393948892e+00
2.247343017473852456e+00
1.640572135207422733e+00
2.683235902357959279e+00
3.918521830282830631e+00
1.524932881403034735e+00
2.356632292445986376e+00
1.713860388428809722e+00
1.911839250092584486e+00
2.571060629429162692e+00
2.170025690964474396e+00
2.553310533934086024e+00
2.111021204869164336e+00
1.521913365774507643e+00
3.327621343087857064e-01
1.137946662997751712e+00
8.561351371749441608e-01
4.450263260104622809e+00
3.593472830988310385e+00
1.143505408269614998e+00
6.716303384206769866e-01
7.805117789393959393e-01
2.887431377158378609e+00
1.405758581141542729e+00
1.781106796939507131e+00
1.373891165549329330e+00
1.042988018048913057e+00
3.295370132683661080e+00
2.415955753653556748e+00
3.163749148204079154e-01
3.279939439227802733e+00
1.164262237889807317e+00
6.363481877549485022e-01
1.350111189829846126e+00
1.981416558347141921e+00
1.830691653330146274e+00
1.319164429995040466e+00
9.421217777516373015e-01
2.386475340779262933e+00
2.551025526222998607e+00
1.117616977122461108e+00
2.371751400459017223e+00
3.935544552745632085e+00
1.205804483915468905e+00
4.906582225040310719e-01
7.975572998585531703e-01
1.183225203664980185e+00
8.345246348871985242e-01
2.849253729730230944e+00
1.022252359402158417e+00
9.337610522161464699e-01
1.521658952779475049e+00
2.653590278628258137e+00
2.896348271772251071e+00
1.347600702264007300e+00
1.646074686999560388e+00
5.545378004724006438e-01
3.653082347544921227e+00
2.893389584357583644e+00
2.942263780073197665e+00
2.098795802831306734e+00
1.352498071676373259e+00
2.180454697899271377e+00
2.986256141272196629e+00
1.489864246621264154e+00
1.618986581384650458e+00
4.845348297174577823e+00
2.135616841149949874e+00
1.124487690940629170e+00
2.639667020231629913e+00
9.459825916995268091e-01
9.366471720918152499e-01
1.945782320237122276e+00
2.511435716833143150e+00
1.078402859678480930e+00
2.340216278153684382e+00
2.420100013212051149e+00
1.879792000905333937e+00
4.628863862828941356e-01
9.896681555927485663e-01
8.012875979631141066e-01
6.074673482394679080e-01
2.237325341830366909e+00
9.046334980468269116e-01
1.983030478915162931e+00
8.719837874328004723e-01
2.393722511425158406e-01
3.993207713864713515e+00
6.770489236662106114e-01
1.341347787078563725e+00
2.028540356189411309e+00
1.830904268045252969e+00
2.898278954227866855e+00
1.316304184891881501e+00
2.723139315016218642e+00
9.926876163379704243e-01
